$ ./main
初期値: 100
100
100
100
100
100
100
100
100
100
100
$ ./main
初期値: 400
1600
5600
3600
9600
1600
5600
3600
9600
1600
5600
$ ./main
初期値: 500
2500
2500
2500
2500
2500
2500
2500
2500
2500
2500
$ ./main
初期値: 700
4900
100
100
100
100
100
100
100
100
100
$ ./main
初期値: 2700
2900
4100
8100
6100
2100
4100
8100
6100
2100
4100
$ ./main
初期値: 2900
4100
8100
6100
2100
4100
8100
6100
2100
4100
8100
$ ./main
初期値: 8000
0
0
0
0
0
0
0
0
0
0
$ ./main
初期値: 8300
8900
2100
4100
8100
6100
2100
4100
8100
6100
2100
$ ./main
初期値: 9200
6400
9600
1600
5600
3600
9600
1600
5600
3600
9600