$ ./option
初期値: 6174
1182
3971
7688
1053
1088
1837
3745
250
625
3906
2568
5946
3549
5954
4501
2590
7081
1405
9740
8676
2729
4474
166
275
756
5715
6612
7185
6242
9625
6406
368
1354
8333
4388
2545
4770
7529
6858
321
1030
609
3708
7492
1300
6900
6100
2100
4100
8100
6100
2100
4100
8100
6100
2100
4100
8100
6100
2100
4100
8100
6100
2100
4100
8100
6100
2100
4100
8100
6100
2100
4100
8100
6100
2100
4100
8100
6100
2100
4100
8100
6100
2100
4100
8100
6100
2100
4100
8100
6100
2100
4100
8100
6100
2100
4100
8100
6100
2100